mat4x4((1.000000, 0.000000, -0.000000, 0.000000), (-0.000000, 0.894427, 0.447214, 0.000000), (0.000000, -0.447214, 0.894427, 0.000000), (-0.000000, -0.000000, -24.835190, 1.000000))
vec3(0.000000, 11.106635, 22.213270)
quat(-0.020798, {-0.153576, 0.966707, 0.203614})
1
Table
__MESH__
stonetable.obj
__SHADER__
./assets/shaders/marble-vs.glsl
./assets/shaders/marble-fs.glsl
mat4x4((1.000000, 0.000000, 0.000000, 0.000000), (0.000000, 1.000000, 0.000000, 0.000000), (0.000000, 0.000000, 1.000000, 0.000000), (0.000000, 0.000000, 0.000000, 1.000000))
vec4(1.000000, 1.000000, 1.000000, 1.000000)
__TEXTURE__
PerlinNoise
__NEXT__
1
Ball
__MESH__
tennisball.obj
__SHADER__
./assets/shaders/ball-vs.glsl
./assets/shaders/ball-fs.glsl
mat4x4((1.000000, 0.000000, 0.000000, 0.000000), (0.000000, 1.000000, 0.000000, 0.000000), (0.000000, 0.000000, 1.000000, 0.000000), (0.000000, 7.000000, 0.000000, 1.000000))
vec4(0.000000, 0.700000, 0.000000, 0.990000)
__NEXT__
0
__END__
